-1953117815504047203
-5436740174906833218
-4393854605206684751
6107318214222192936
7069157168765036933
6333805979543544469
4867486765504002929
-7963073819984926296
-4354529955345540335
4012363287777541679
8404583666100349810
-4510140997697352933
2064406283981983988
7131066891535502123
2379734296459204818
6070021596206604483
3653395201844248998
4992585191949328329
-7365172593715938747
-3004501056853248001
-2515544344946538227
-4088720894794320333
-5190963744012005660
4891161657266252697
-6269090347774321340
-1449420267171114357
5699628114128355162
-1781098136080958883
-331430432039303460
-3511187333195466518
-659596409204673884
6920031692426875642
-7788109435572626292
-9027768008687023733
-220994738625999423
2570889284710972502
7530759581166062359
8092628607114973745
5889107360452880464
3809353228395168893
670297803012074691
-8673798354488248433
4498297908693443344
-3398487226531290486
6724028038215060669
-6378607945383437676
-4323561533551299305
6905320493324331127
-6001013157287334629
6880709537905217492
-5251923152327324086
2985868937012029617
1376241230613795959
-2496967418662246637
4657737071381128676
-6423090952167933913
5066364963796403582
-5807834925781014741
-8624638332230201100
8642172769799370269
-4351312490570769024
6024093693912969123
8611835880834011055
7648839747823126728
-6812513619851745226
6923752576972729677
-8776723912011043686
2792197271849027687
23123267357029388
-5228401001103046010
-4433790672508045248
6501039463327841699
-4809642869687011689
-1910810946743558454
-8681344359114897886
-1458357588274915742
3514887282359193596
-4565851472747577774
-1956233112617267885
-5537709317837556835
2224454045594450147
-9136412815576843532
188797695621991963
-2698752642986973666
-4152002320499096450
-3479245358535949768
-5887265627314632
1829034541313164379
-4684685664370536398
4403649753217272362
5023699780889322462
985003391484099036
361217970386337217
-8359540092472275471
8324663211809057447
2281254728928371707
-2717404744928170866
-2944126180457770628
8659228841199889111
-8696597569293967527
4836929074811331327
4042017777696100406
-3634691536185560180
-6821476250418535170
2107261098503875511
-485431977409975619
-785049435717498960
-13061772147746268
1456313224369473694
2917128844520967285
-6018703520784205102
7270800083551747833
-874605648231559671
237378497378213591
-6116430967441394791
-7333771464069938668
2464411118247637375
-5528790804350545841
1102559732560218957
6490633690258654778
-2883957599526392202
-5964538466340451416
-3645810143257256659
6592372054518678557
-1120879119571437985
9022410243577073021
-1925373744918580605
-7623550746228382016
4960358553087145766
-3253043527429343703
-569843181217077036
2524788094919706367
7906221169592913304
3040206214465526818
-1094281853706000746
-7023253422501329727
2704014877398377918
-6099198869434171439
-5480902577600628136
-4489078981697449843
-7970828113445482102
-6713119426573122947
-2973299125837722667
-3845705404336557133
7920179403099818269
-7122251409688293148
2240556967760696632
4220188592834138169
6658309313929359558
920510560708177342
3716252708124175438
-8785140572859109556
1606889579896820778
-8501784205222565083
4261439310002972410
-4770997169005476784
3730255030783539075
-7774647111939186534
6281379694844711378
-4012572417327711335
7189025955559363213
-7633263350585481363
2569046913603168875
-7309190725202551538
-6649739044469591792
5082071461884835562
1603949468851792310
-5611099946498504778
-3115569969346425724
-3754018127845413465
-3513160174126614452
-7636005676855049944
-4181618379793843074
-6200440686259688287
-5774407448165170264
5995411487766437834
8420746031183010934
-7530089293647445642
-2104902041173023489
-4288909192789375511
7222444664976380912
-5106978606406323869
3510116230275166440
8211239387934579441
6384716511288813607
7875765620340444617
-8667703077190919760
8345306733991562724
3676836057516263157
-1511028205198285970
2966397740888295796
-5222819412126038618
-5803800201846240944
805051535236139048
415883660380969394
-4482800337926097831
-6801120441022934489
-3603107477830479593
-5154528222805166604
-4035623881099168336
5561499675729167053
2648307938627944868
-3588645178535078220
4567351994896447402
-7699731781118021074
-7963156932849634969
7954077580805948404
-5945490373264590011
1104984272479548304
-5528368523999614534
-8210457241268671326
2965379416950658409
-4440426095478217439
8728950815520401307
8364531727051964849
7529744029950787151
2710345289490738189
-4908854771909172663
5872232389754788996
-7816769255527226550
-2138390421193163562
5239714153461733423
5617722557852438107
-9088991814099080771
5545995891783696010
3782659643130197266
4766181585425312987
-2613838486548438499
3489972463574900504
-2120923738573803343
4108236323761181348
-2465954072813429015
5489763681623833408
237606692328501199
-1286089732190835067
-476385094441508642
-4544995654469792027
-1626857094461040325
9113901179065665503
4319856475334720
-7026374066779445602
7261440726288512114
-3449868144690035935
-2789534620565331050
-4215643803940203407
-3255936132712401075
5246937935232214401
-1790832619855211871
1009977026881338716
8978530945411961783
-310758413032594933
-3556934963960477129
-5497281722033066458
-2671397422154400209
-5598870838420243486
4134067953697544977
-143439645830184588
-2474951181251871484
-8523431116648168838
-5226450055494359505
4995430553807419218
-5407502543736161831
2480232379710177078
-4096519541025604710
2888193537850823958
-8492112730808583771
3420959274620701631
8826629823292851385
-4547225099753301648
-1914164215688175057
308012539113761004
-4349958190717424955
7576197760840918090
-3685408546329710020
-2161891895173830236
-75131160484988555
3446653683520963293
-2053631415230034015
8936346207263309603
339774200219570029
8037291753315256124
5405192428489020995
8242078110646635035
-5432030183314504832
-7395247495455363470
-3490471208151900353
3393942256826015567
491232679584406369
-5053955775240613703
3951358159833319280
4021428733352395917
-3013226162894769385
-3091540868169048430
-2725786413667174695
3474591271004694658
3975114513356460470
7156356264401456514
-864377183483900967
4170714193426023012
-6419896253826510767
-4034762928426511801
7844192235155955829
-7610607106878263423
-7651089589307354366
3792672733838709014
-7101659790948842110
-8270955095850366348
8299363269895310432
5402790848770883703
-5049838991150966105
7202276927760433815
-1621027515048438162
6377309854054357274
-4634882141188210159
-6742773848327703236
3657998380769598202
-392786753874953228
7307922293507790782
2220594016039763577
-8871872639555218002
